INTELSAT 26 (IS-26)     
1 24732U 97007A   20289.91865449  .00000002  00000-0  00000+0 0  9999
2 24732   9.2079  42.2604 0002540 180.4160 196.5865  1.00271672 86523
GALAXY 25 (G-25)        
1 24812U 97026A   20289.58239425  .00000150  00000-0  00000+0 0  9995
2 24812   2.2036  89.3521 0004914 150.4670  27.2880  1.00272705 85601
INTELSAT 5 (IS-5)       
1 24916U 97046A   20289.64133891  .00000087  00000-0  00000+0 0  9998
2 24916   5.9523  64.8635 0003589 142.3910 271.2711  1.00272461 84854
INTELSAT 805 (IS-805)   
1 25371U 98037A   20289.84991598  .00000015  00000-0  00000-0 0  9995
2 25371   2.7366  86.7670 0013512 102.3027 220.6957  0.99470637 81763
GALAXY 11 (G-11)        
1 26038U 99071A   20290.23682049 -.00000168  00000-0  00000+0 0  9997
2 26038   1.5053  95.4055 0000952 177.1361 104.8642  1.00270916 76324
INTELSAT 9 (IS-9)       
1 26451U 00043A   20290.14479878 -.00000290  00000-0  00000+0 0  9997
2 26451   5.9413  65.0559 0002188 146.8443 175.3899  1.00271348 74088
INTELSAT 12 (IS-12)     
1 26590U 00068A   20290.16265340  .00000008  00000-0  00000+0 0  9993
2 26590   3.2097  85.1361 0004313 146.1997 276.6294  1.00271082 73048
INTELSAT 1R (IS-1R)     
1 26608U 00072A   20290.46850260 -.00000143  00000-0  00000+0 0  9993
2 26608   2.9749  85.6488 0001396  15.8812 249.7007  1.00271526 72909
INTELSAT 10 (IS-10)     
1 26766U 01019A   20290.15951289  .00000120  00000-0  00000+0 0  9993
2 26766   4.1607  78.1033 0003235 139.8947 272.0895  1.00270934 71178
INTELSAT 901 (IS-901)   
1 26824U 01024A   20290.14459556 -.00000210  00000-0  00000+0 0  9994
2 26824   0.0452  66.8624 0000861 142.0455 200.8048  1.00270054 70832
INTELSAT 902 (IS-902)   
1 26900U 01039A   20290.48713310 -.00000289  00000-0  00000+0 0  9999
2 26900   0.9036  95.3664 0003064 110.9293 304.4627  1.00272300 70017
DIRECTV 4S              
1 26985U 01052A   20289.90959970 -.00000143  00000-0  00000-0 0  9996
2 26985   0.9916  94.1981 0002316   5.9001 355.8611  0.99260944 30528
INTELSAT 904 (IS-904)   
1 27380U 02007A   20290.14415937 -.00000219  00000-0  00000+0 0  9998
2 27380   1.7408  92.0896 0003149 116.9794 198.4694  1.00270548 68338
INTELSAT 903 (IS-903)   
1 27403U 02016A   20289.54411213  .00000020  00000-0  00000+0 0  9998
2 27403   2.5242  87.3866 0002991 164.4682 227.0562  0.99018059 67865
DIRECTV 5 (TEMPO 1)     
1 27426U 02023A   20290.19436025 -.00000063  00000-0  00000+0 0  9990
2 27426   0.0165 247.5477 0003126 320.9274 136.5704  1.00270747 67546
INTELSAT 905 (IS-905)   
1 27438U 02027A   20290.14520619 -.00000190  00000-0  00000+0 0  9996
2 27438   1.5614  92.9500 0002589 101.3795 218.6011  1.00272158 67219
GALAXY 3C (G-3C)        
1 27445U 02030A   20290.50748587 -.00000158  00000-0  00000+0 0  9998
2 27445   0.0237 278.7065 0001505  49.6622 144.7519  1.00268232 67201
INTELSAT 906 (IS-906)   
1 27513U 02041A   20290.16265340  .00000008  00000-0  00000+0 0  9992
2 27513   0.5673  97.7708 0003252 112.4844 297.6018  1.00272160 66212
INTELSAT 907 (IS-907)   
1 27683U 03007A   20290.02700153 -.00000121  00000-0  00000+0 0  9991
2 27683   0.4649  86.9541 0002012  74.1072 336.4443  0.99156642 64616
GALAXY 12 (G-12)        
1 27715U 03013B   20289.64825931  .00000053  00000-0  00000+0 0  9995
2 27715   1.7751  91.4689 0001711 114.0277 283.5306  1.00271049 64241
GALAXY 23 (G-23)        
1 27854U 03034A   20290.48357476  .00000005  00000-0  00000+0 0  9997
2 27854   0.0301 254.1882 0003040 315.0276 229.3628  1.00272647 67793
GALAXY 13 (HORIZONS 1)  
1 27954U 03044A   20290.15962902  .00000041  00000-0  00000+0 0  9999
2 27954   0.0055 188.7559 0001984 347.4865 139.3513  1.00270853 62392
DIRECTV 7S              
1 28238U 04016A   20290.48568292 -.00000006  00000-0  00000+0 0  9997
2 28238   0.0443  79.1656 0001468  43.1628 318.9266  1.00271395 60305
INTELSAT 10-02          
1 28358U 04022A   20290.14982970 -.00000018  00000-0  00000+0 0  9996
2 28358   0.0112 234.0533 0002814 325.6370 238.4208  1.00271516 59861
XM-3 (RHYTHM)           
1 28626U 05008A   20290.49196907 -.00000213  00000-0  00000+0 0  9991
2 28626   0.0193 232.9523 0000117 313.8135 290.7193  1.00269823 57316
SPACEWAY 1              
1 28644U 05015A   20289.58152189 -.00000073  00000-0  00000-0 0  9996
2 28644   1.4017  92.7495 0003707  57.0528 113.1165  0.98490006 25785
DIRECTV 8               
1 28659U 05019A   20290.29888053 -.00000001  00000-0  00000+0 0  9992
2 28659   0.0139 232.1287 0004960 351.9765 149.7865  1.00229890 56434
GALAXY 28 (G-28)        
1 28702U 05022A   20290.46228942 -.00000193  00000-0  00000+0 0  9991
2 28702   0.0149 244.3109 0000551  63.5129 155.0607  1.00272383 56073
GALAXY 14 (G-14)        
1 28790U 05030A   20290.17999334  .00000029  00000-0  00000+0 0  9992
2 28790   0.0567  73.6923 0002384 129.8459 121.4330  1.00271983 55545
GALAXY 15 (G-15)        
1 28884U 05041A   20290.47322476  .00000071  00000-0  00000+0 0  9995
2 28884   0.0534 101.3077 0001760  95.9290 225.5878  1.00271539 54870
SPACEWAY 2              
1 28903U 05046B   20290.48186417  .00000097  00000-0  00000+0 0  9994
2 28903   0.4641  92.4654 0001265 133.8398 193.7489  1.00272534 54743
GALAXY 16 (G-16)        
1 29236U 06023A   20289.55604899 -.00000134  00000-0  00000-0 0  9999
2 29236   0.0217 264.2043 0002597 299.6588 281.8679  1.00272886 52502
DIRECTV 9S              
1 29494U 06043A   20290.50329334 -.00000121  00000-0  00000+0 0  9997
2 29494   0.0195 227.1220 0003074 343.3990 254.9613  1.00271499 51353
XM-4 (BLUES)            
1 29520U 06049A   20290.07645274 -.00000030  00000-0  00000+0 0  9998
2 29520   0.0097 213.0665 0000142 184.9830 259.2897  1.00271064 51233
GALAXY 17 (G-17)        
1 31307U 07016B   20290.20952000 -.00000182  00000-0  00000+0 0  9990
2 31307   0.0119 227.6325 0003549 342.2935 159.6886  1.00270696 49325
DIRECTV 10              
1 31862U 07032A   20290.22868878 -.00000110  00000-0  00000+0 0  9996
2 31862   0.0075 305.9551 0001053  42.0014  16.7811  1.00269380 48658
SPACEWAY 3              
1 32018U 07036A   20290.50748597 -.00000159  00000-0  00000+0 0  9993
2 32018   0.0131  39.8304 0000130 319.4449 113.9611  1.00271065 48372
INTELSAT 11 (IS-11)     
1 32253U 07044B   20290.16629182 -.00000276  00000-0  00000+0 0  9993
2 32253   0.0129 250.0509 0002146 356.2789 155.7134  1.00272073 47776
HORIZONS 2              
1 32388U 07063B   20290.52586101 -.00000190  00000-0  00000+0 0  9991
2 32388   0.0160 256.4069 0002142 304.6951  98.5693  1.00271551 47128
DIRECTV 11              
1 32729U 08013A   20290.23179247 -.00000133  00000-0  00000+0 0  9990
2 32729   0.0197  91.4656 0000042 125.0227 153.0202  1.00271239 46185
GALAXY 18 (G-18)        
1 32951U 08024A   20290.18097733  .00000018  00000-0  00000+0 0  9993
2 32951   0.0124 252.9533 0002870 303.4309 130.9456  1.00270685 45328
INTELSAT 25 (IS-25)     
1 33153U 08034A   20290.44146422 -.00000231  00000-0  00000+0 0  9996
2 33153   0.0198 238.7857 0002607 332.2484 301.8294  1.00272436 44882
GALAXY 19 (G-19)        
1 33376U 08045A   20290.50538764 -.00000147  00000-0  00000+0 0  9992
2 33376   0.0172 205.0260 0003091  11.1233 254.2926  1.00270885 44080
SIRIUS FM-5             
1 35493U 09034A   20290.10862333 -.00000208  00000-0  00000+0 0  9999
2 35493   0.0201 276.7889 0000377 177.7884 243.4742  1.00272995 41225
INTELSAT 14 (IS-14)     
1 36097U 09064A   20290.42819959 -.00000281  00000-0  00000+0 0  9995
2 36097   0.0134 251.7248 0002382 316.5503 286.3085  1.00272525 39943
INTELSAT 15 (IS-15)     
1 36106U 09067A   20290.45419591 -.00000192  00000-0  00000+0 0  9991
2 36106   0.0200 220.8512 0002144 347.2696  65.9584  1.00270711 39848
DIRECTV 12              
1 36131U 09075A   20290.43463392 -.00000111  00000-0  00000+0 0  9995
2 36131   0.0189 214.8642 0001167 329.2258 255.0476  1.00271865 39637
INTELSAT 16 (IS-16)     
1 36397U 10006A   20289.56058525 -.00000252  00000-0  00000+0 0  9991
2 36397   0.0223 222.2679 0002057 344.0295 303.8538  1.00272882 38975
XM-5                    
1 37185U 10053A   20289.85188405 -.00000212  00000-0  00000-0 0  9999
2 37185   0.0210 214.8349 0001694 189.0552 202.3938  1.00268713 36734
INTELSAT 17 (IS-17)     
1 37238U 10065B   20290.10396590 -.00000009  00000-0  00000+0 0  9990
2 37238   0.0134 204.3213 0002544   2.5613 281.6384  1.00271127 36169
INTELSAT NEW DAWN       
1 37392U 11016A   20290.15654687  .00000148  00000-0  00000+0 0  9990
2 37392   0.0190 170.8707 0000946  60.4856 242.9768  1.00272601 34761
INTELSAT 18 (IS-18)     
1 37834U 11056A   20289.61170552  .00000046  00000-0  00000+0 0  9995
2 37834   0.0203 243.3459 0001804 315.3338 226.1343  1.00271327 33090
INTELSAT 22 (IS-22)     
1 38098U 12011A   20290.09285748 -.00000066  00000-0  00000+0 0  9991
2 38098   0.0110 226.5135 0002742 334.9517 289.1572  1.00271759 31294
INTELSAT 19 (IS-19)     
1 38356U 12030A   20289.60891396 -.00000064  00000-0  00000+0 0  9994
2 38356   0.0214 208.1386 0002918 355.8557 205.8091  1.00270232 30757
INTELSAT 20 (IS-20)     
1 38740U 12043A   20290.16370022 -.00000032  00000-0  00000+0 0  9991
2 38740   0.0125 178.6971 0002419   6.1577 327.7349  1.00271384 30074
INTELSAT 21 (IS-21)     
1 38749U 12045A   20290.48210441 -.00000292  00000-0  00000+0 0  9993
2 38749   0.0122 253.0019 0002260 306.0950 301.9305  1.00272817 29887
INTELSAT 23 (IS-23)     
1 38867U 12057A   20290.48509178 -.00000292  00000-0  00000+0 0  9995
2 38867   0.0134 242.8104 0001726 318.6177 305.6826  1.00269041 29354
SIRIUS FM-6             
1 39360U 13058A   20290.49042867 -.00000025  00000-0  00000+0 0  9998
2 39360   0.0331 271.1928 0000660 172.4213   2.2735  1.00274061 25593
INTELSAT 30 (IS-30)     
1 40271U 14062A   20290.50748627 -.00000159  00000-0  00000+0 0  9994
2 40271   0.0178 247.6461 0001934 211.1466  14.3531  1.00278638 22017
INTELSAT 34 (IS-34)     
1 40874U 15039A   20290.48409376 -.00000293  00000-0  00000+0 0  9999
2 40874   0.0203 238.1359 0000463 163.6934 102.4239  1.00272188 18869
INTELSAT 31 (IS-31)     
1 41581U 16035A   20289.54927174 -.00000158  00000-0  00000-0 0  9999
2 41581   0.0178 236.6091 0001461 354.9284 255.6961  1.00270133 15840
INTELSAT 36 (IS-36)     
1 41747U 16053A   20290.52896677 -.00000031  00000-0  00000+0 0  9995
2 41747   0.0199 247.1746 0002718 126.9278 270.3048  1.00268146 15208
INTELSAT 33E (IS-33E)   
1 41748U 16053B   20290.16204274  .00000042  00000-0  00000+0 0  9993
2 41748   0.0037  82.4991 0001706 118.9244 302.0672  1.00270644 15462
INTELSAT 32E (IS-32E)   
1 41945U 17007B   20289.49841281 -.00000276  00000-0  00000-0 0  9992
2 41945   0.0211 200.6586 0000049 228.5177  91.5477  1.00269907 13473
INTELSAT 35E (IS-35E)   
1 42818U 17041A   20290.44702156 -.00000245  00000-0  00000+0 0  9999
2 42818   0.0200 174.2285 0001748  36.6593 300.9811  1.00271916 12088
INTELSAT 37E (IS-37E)   
1 42950U 17059A   20289.48174451 -.00000148  00000-0  00000+0 0  9990
2 42950   0.0073 214.9919 0002731 350.1683 334.7468  1.00272582 11280
AZERSPACE 2 (IS-38)     
1 43632U 18074A   20290.17341031  .00000129  00000-0  00000+0 0  9992
2 43632   0.0202 226.4956 0001255 340.4161 285.8141  1.00270711  7735
HORIZONS 3E             
1 43633U 18074B   20290.41732962 -.00000038  00000-0  00000+0 0  9997
2 43633   0.0112  39.0736 0000312 271.6871  33.8897  1.00272258  7564
INTELSAT 39 (IS-39)     
1 44476U 19049B   20289.80353737  .00000025  00000-0  00000-0 0  9992
2 44476   0.0153 248.1632 0001094 130.9232 356.9399  1.00272945  4396