NOAA 15                 
1 25338U 98030A   20290.40161688  .00000031  00000-0  31621-4 0  9999
2 25338  98.7092 314.7910 0009322 270.9679  89.0433 14.25993906166467
DMSP 5D-3 F15 (USA 147) 
1 25991U 99067A   20290.52186656 -.00000070  00000-0 -12189-4 0  9993
2 25991  98.9854 262.8958 0010690 114.1132 348.7652 14.16469722 77584
METEOSAT-8 (MSG-1)      
1 27509U 02040B   20289.98679563  .00000135  00000-0  00000+0 0  9991
2 27509   6.9341  53.5562 0001302 207.2758 160.8307  1.00267493 66493
DMSP 5D-3 F16 (USA 172) 
1 28054U 03048A   20290.56495562 -.00000034  00000-0  57532-5 0  9994
2 28054  98.9258 269.2824 0006548 237.3004 268.0956 14.13646648877008
NOAA 18                 
1 28654U 05018A   20290.50177823  .00000088  00000-0  72250-4 0  9991
2 28654  99.0304 347.9828 0013411 248.3259 111.6485 14.12547029794096
METEOSAT-9 (MSG-2)      
1 28912U 05049B   20290.22249723  .00000015  00000-0  00000+0 0  9999
2 28912   4.6782  69.6026 0000598  31.6430   7.4873  1.00275761 54321
FORMOSAT-3 FM6          
1 29047U 06011A   20290.18227781  .00000128  00000-0  66343-4 0  9996
2 29047  71.9785 223.5708 0051541 215.5921 144.1775 14.28753093758572
FORMOSAT-3 FM1          
1 29048U 06011B   20290.06382784  .00000094  00000-0  53114-4 0  9993
2 29048  71.9647 134.5858 0043487 174.3092 185.8548 14.28722363761039
FORMOSAT-3 FM5          
1 29049U 06011C   20290.19814751  .00000093  00000-0  52900-4 0  9993
2 29049  72.0194 306.6442 0035746 200.9194 159.0483 14.28802061756846
FORMOSAT-3 FM3          
1 29050U 06011D   20290.16216593  .00000151  00000-0  42067-4 0  9990
2 29050  72.0150  80.4708 0047997 105.8598 254.7853 14.58957796774038
FORMOSAT-3 FM4          
1 29051U 06011E   20290.12563491  .00000099  00000-0  54057-4 0  9992
2 29051  72.0058 208.6145 0066339  75.8075 285.0419 14.28835924759428
FORMOSAT-3 FM2          
1 29052U 06011F   20290.18638613  .00000076  00000-0  45772-4 0  9997
2 29052  72.0327 283.0549 0039319 159.6094 200.6624 14.28941506757763
EWS-G1 (GOES 13)        
1 29155U 06018A   20290.56299420  .00000029  00000-0  00000+0 0  9997
2 29155   0.1469 122.4338 0008710  89.9380  77.3580  1.00274214 52750
METOP-A                 
1 29499U 06044A   20290.51312877  .00000009  00000-0  23573-4 0  9997
2 29499  98.5090 333.0723 0000581  92.1893  14.3348 14.21491892726080
DMSP 5D-3 F17 (USA 191) 
1 29522U 06050A   20290.55599062  .00000019  00000-0  33153-4 0  9994
2 29522  98.7984 305.1162 0009708 187.1279 172.9757 14.14020446719847
FENGYUN 3A              
1 32958U 08026A   20290.45337419 -.00000009  00000-0  15530-4 0  9990
2 32958  98.4196 269.9936 0008620 354.2167   5.8909 14.18635676641980
FENGYUN 2E              
1 33463U 08066A   20289.89285530 -.00000207  00000-0  00000-0 0  9990
2 33463   4.5890  68.1273 0003212 302.7948  62.0300  1.00275910 43334
NOAA 19                 
1 33591U 09005A   20290.44360818  .00000010  00000-0  30690-4 0  9995
2 33591  99.1968 298.9460 0014956  96.5169 263.7705 14.12434968602475
GOES 14                 
1 35491U 09033A   20290.61606021 -.00000101  00000-0  00000+0 0  9994
2 35491   0.3083 268.4759 0013362 308.0021 286.5617  1.00271922 41406
METEOR-M 1              
1 35865U 09049A   20290.45198532  .00000008  00000-0  22237-4 0  9997
2 35865  98.4513 272.4160 0002148 169.5976 190.5247 14.22252235575114
DMSP 5D-3 F18 (USA 210) 
1 35951U 09057A   20290.52681641  .00000048  00000-0  48113-4 0  9993
2 35951  98.6560 276.4052 0011711  28.2499 331.9306 14.13305041567106
GOES 15                 
1 36411U 10008A   20290.59392417  .00000048  00000-0  00000+0 0  9998
2 36411   0.1663 101.6679 0001558 328.4334  40.9227  1.00274252 38917
COMS 1                  
1 36744U 10032A   20289.96026603 -.00000351  00000-0  00000+0 0  9992
2 36744   0.0287 117.8007 0000763  90.5099 290.5139  1.00272380 37894
FENGYUN 3B              
1 37214U 10059A   20290.49549691 -.00000013  00000-0  16982-4 0  9997
2 37214  99.0598 274.1721 0016067 285.7301 232.2464 14.15960861514801
SUOMI NPP               
1 37849U 11061A   20290.58746591 -.00000004  00000-0  18849-4 0  9997
2 37849  98.7094 226.8368 0000616  80.7380  92.0946 14.19556939464808
FENGYUN 2F              
1 38049U 12002A   20289.90282873 -.00000363  00000-0  00000-0 0  9992
2 38049   2.3367  83.1409 0001335   5.0477  14.0135  1.00274831 32136
METEOSAT-10 (MSG-3)     
1 38552U 12035B   20290.29542649  .00000051  00000-0  00000+0 0  9993
2 38552   1.3055 348.0590 0000848 228.4634 284.3351  1.00270207 30465
METOP-B                 
1 38771U 12049A   20290.56492074  .00000005  00000-0  22517-4 0  9998
2 38771  98.7163 348.0399 0001836  47.3985  59.2686 14.21483626419223
FENGYUN 3C              
1 39260U 13052A   20290.47054875 -.00000021  00000-0  10600-4 0  9999
2 39260  98.5370 335.9064 0010184 224.5934 135.4430 14.15847039365744
METEOR-M 2              
1 40069U 14037A   20290.47002542 -.00000023  00000-0  88819-5 0  9996
2 40069  98.4920 323.3660 0004645 298.4717  61.5996 14.20676053325395
HIMAWARI-8              
1 40267U 14060A   20289.58570715 -.00000283  00000-0  00000-0 0  9993
2 40267   0.0346 153.5303 0000522  79.7470 142.8538  1.00271870 21995
FENGYUN 2G              
1 40367U 14090A   20289.90952058 -.00000307  00000-0  00000-0 0  9994
2 40367   2.3646  92.9432 0002748 261.1082  97.5736  1.00282168 21270
METEOSAT-11 (MSG-4)     
1 40732U 15034A   20290.29359455 -.00000013  00000-0  00000+0 0  9998
2 40732   0.5570 269.2646 0002138 263.7266 317.8266  1.00267227 19275
ELEKTRO-L 2             
1 41105U 15074A   20289.35758722 -.00000120  00000-0  00000+0 0  9991
2 41105   1.4810  95.6503 0003108 111.1889 291.8110  1.00271457 17755
HIMAWARI-9              
1 41836U 16064A   20289.58570747 -.00000283  00000-0  00000-0 0  9997
2 41836   0.0382  65.8718 0000253 186.3836 123.9550  1.00269340 14428
GOES 16                 
1 41866U 16071A   20290.46291172 -.00000256  00000-0  00000+0 0  9998
2 41866   0.0240 235.2977 0000991  31.0887 210.5062  1.00271217 14354
FENGYUN 4A              
1 41882U 16077A   20290.45803429 -.00000337  00000-0  00000+0 0  9995
2 41882   0.1930 284.6200 0003690 138.2764 232.0530  1.00267716 14223
CYGFM05                 
1 41884U 16078A   20289.57790336  .00000331  00000-0  19210-4 0  9992
2 41884  34.9574  33.7352 0015508  35.7378 324.4369 15.14705841212332
CYGFM04                 
1 41885U 16078B   20289.57333992  .00000345  00000-0  19684-4 0  9994
2 41885  34.9506  26.3079 0013744  47.0136 313.1726 15.15222062212400
CYGFM02                 
1 41886U 16078C   20290.55460820  .00000336  00000-0  19233-4 0  9996
2 41886  34.9598  22.0230 0014452  51.8951 308.3062 15.15219561212543
CYGFM01                 
1 41887U 16078D   20290.48431353  .00000321  00000-0  18793-4 0  9992
2 41887  34.9540  29.4274 0015845  44.6979 315.5007 15.14517987212458
CYGFM08                 
1 41888U 16078E   20289.98147427  .00000343  00000-0  19738-4 0  9996
2 41888  34.9512  27.8268 0014987  47.7357 312.4623 15.14934834212413
CYGFM06                 
1 41889U 16078F   20290.53393100  .00000340  00000-0  19439-4 0  9996
2 41889  34.9592  20.8428 0013420  51.4293 308.7619 15.15216241212548
CYGFM07                 
1 41890U 16078G   20289.98532801  .00000358  00000-0  20354-4 0  9995
2 41890  34.9530  23.2918 0013181  49.7200 310.4662 15.15213874212463
CYGFM03                 
1 41891U 16078H   20289.98113069  .00000355  00000-0  20182-4 0  9993
2 41891  34.9564  23.5991 0012682  48.2124 311.9669 15.15207125212453
FENGYUN 3D              
1 43010U 17072A   20290.44334882  .00000004  00000-0  22581-4 0  9990
2 43010  98.7590 228.4385 0002490  82.7371 277.4084 14.19750618151363
NOAA 20                 
1 43013U 17073A   20290.51794896 -.00000003  00000-0  19522-4 0  9998
2 43013  98.7259 226.6260 0001189  70.2555 289.8749 14.19538658150834
GOES 17                 
1 43226U 18022A   20290.51619604  .00000090  00000-0  00000+0 0  9993
2 43226   0.0401 291.9417 0000248 250.0207 252.1718  1.00271606  9689
FENGYUN 2H              
1 43491U 18050A   20289.95049560 -.00000135  00000-0  00000-0 0  9994
2 43491   0.3785 268.4970 0003262 240.3116 297.4239  1.00270251  8756
METOP-C                 
1 43689U 18087A   20290.51099535  .00000005  00000-0  22264-4 0  9999
2 43689  98.7233 348.3024 0002597  27.1419 332.9894 14.21478271100797
GEO-KOMPSAT-2A          
1 43823U 18100A   20289.60132443 -.00000352  00000-0  00000-0 0  9995
2 43823   0.0208  54.9553 0001129  79.4178 234.9501  1.00268297  6850
IOD-1 GEMS              
1 44385U 98067QK  20290.15507366  .00026859  00000-0  27521-3 0  9990
2 44385  51.6376  83.6238 0001288  42.0016 318.1078 15.64768780 73354
METEOR-M2 2             
1 44387U 19038A   20290.45981459 -.00000016  00000-0  12091-4 0  9990
2 44387  98.6332 248.1779 0000321 191.3019 168.8148 14.23681855 66750